4950001
5611625
5558849
5569043
5598169
5569343
5574668
5604254
5564499
5577760
5603984
5557285
5564556
5584773
5596905
5577020
5581448
5546660
5562944
5504905
5577044
5597259
5590958
5558033
5613443
5561033
5572687
5598461
5603444
5599488
5591075
5605522
5598130
5599803
5598967
5584325
5583259
5564437
5601545
5572919
5573710
5578202
5602307
5588907
5594562
5600887
5605949
5589341
5607283
5588173
5589643
5534969
5595238
5568261
5613498
5613162
5593318
5606253
5597742
5601779
5605841
5566719
5612598
5592817
5575693
5584391
5572887
5605890
5580609
5594664
5598993
5591092
5576003
5583392
5562554
5597239
5597518
5575571
5606989
5604257
5582980
5603034
5583661
5587320
5596510
5591809
5600041
5571570
5556817
5575894
5571045
5562758
5587881
5582006
5600606
5562436
5566238
5598456
5610394
5543659
5588244
5592256
5611505
5567649
5588657
5601299
5550938
5572964
5587108
5560593
5598655
5598596
5415537
5585265
5602121
5560395
5561948
5570580
5587134
5610002
5604765
5583350
5583180
5595296
5584514
5584129
5597892
5608216
5563073
5576854
5575268
5605344
5511342
5609733
5598220
5592935
5611686
5549226
5601139
5578871
5581076
5595645
5574547
5597061
5599067
5535266
5561435
5555366
5613381
5593721
5554421
5560626
5607461
5589348
5578188
5607090
5602742
5595949
5577589
5496718
5590545
5603006
5604897
5605898
5608658
5593609
5584220
5596236
5600538
5588014
5557278
5610208
5377358
5567533
5583600
5568293
5611817
5597635
5581910
5586471
5560884
5561392
5574886
5600528
5591515
5605288
5562227
5581069
5608630
5608938
5609874
5588783
5567511
5592900
5556645
5572469
5589797
5593408
5593334
5598530
5586336
5575843
5610826
5605078
5588237
5566303
5605388
5561862
5603604
5582369
5584769
5582795
5602356
5609428
5594318
5593498
5568512
5590188
5595782
5568877
5602833
5570056
5602523
5577699
5599879
5574629
5604372
5591764
5576313
5561172
5560205
5561725
5560699
5607664
5603452
5558039
5574667
5611436
5580112
5601108
5558166
5557908
5613228
5579302
5581836
5585081
5587174
5582272
5590778
5570581
5598691
5565025
5541410
5557970
5097479
5584130
5609339
5584829
5613700
5578919
5600298
5559864
5561243
5588610
5583641
5573162
5573566
5604112
5577755
5588139
5595369
5588064
5611708
5604542
5613385
5563266
5564355
5571843
5598395
5592958
5602547
5589390
5596303
5602789
5587764
5602514
5404326
5604186
5560627
5583673
5589780
5593239
5588989
5584695
5611065
5564503
5570867
5588339
5559756
5585510
5581522
5573052
5579233
5598618
5576540
5474789
5599873
5596862
5589369
5577158
5607181
5562623
5585473
5568919
5585100
5600818
5557441
5604252
5604519
5587989
5581999
5602758
5568959
5583614
5558182
5589447
5599885
5560256
5561590
5578219
5562440
5577787
5608894
5605846
5597090
5603563
5607877
5607679
5596555
5584281
5602468
5566651
5613354
5467079
5602510
5606327
5608039
5577085
5560679
5565808
5564105
5561841
5610742
5560023
5595666
5610576
5596426
5578075
5492294
5558847
5612286
5575264
5595838
5582290
5581431
5588133
5564738
5569610
5601338
5605426
5603241
5522537
5606240
5600965
5590515
5175802
5605602
5600456
5572913
5577910
5595196
5581217
5609571
5597167
5578650
5586576
5582213
5613127
5607155
5570940
5591810
5576384
5586127
5560888
5593958
5610820
5576478
5563558
5596361
5559118
5571381
5586138
5591071
5593368
5608037
5587865
5601165
5558677
5594378
5601512
5576777
5584109
5597516
5575355
5611220
5560017
5605914
5585245
5602781
5558489
5570234
5309838
5578621
5604780
5592096
5590991
5606830
5589787
5603383
5587498
5563685
5563199
5557377
5575122
5577026
5550857
5586328
5574389
5596155
5588745
5611717
5579186
5563747
5569669
5559667
5568397
5610908
5608491
5569913
5585179
5604595
5487677
5574775
5603316
5611105
5605535
5580008
5606093
5593059
5565364
5584421
5609334
5594916
5591210
5600985
5565311
5586675
5529595
5565251
5584632
5582817
5569743
5559932
5598870
5591228
5588789
5564200
5588056
5557915
5593063
5605712
5594912
5576663
5592909
5586218
5609712
5568625
5606103
5569393
5583352
5576004
5563712
5585349
5559542
5600489
5587497
5582997
5577757
5605208
5592930
5562138
5587723
5600547
5583417
5584679
5607091
5573008
5560549
5574266
5595494
5580298
5563061
5562396
5607521
5587090
5587657
5597760
5594622
5564150
5568882
5608561
5600446
5596885
5558368
5597122
5608366
5611627
5598702
5586977
5606565
5599417
5609102
5559665
5611457
5551261
5580043
5569946
5613186
5602590
5579253
5575188
5587208
5584395
5602222
5598830
5574637
5594783
5606686
5569073
5598189
5560969
5587728
5563310
5573142
5588377
5599903
5584087
5563790
5600398
5586929
5582912
5563068
5558420
5601954
5565642
5587001
5584285
5608030
5580955
5605000
5609608
5578816
5607857
5591668
5560451
5559088
5580290
5556911
5566898
5569523
5604167
5595721
5554589
5604048
5594278
5609558
5587401
5588488
5589156
5596635
5605579
5596527
5593730
5567280
5576145
5577700
5559487
5586094
5568713
5585767
5574803
5584643
5559678
5560300
5599937
5574555
5572077
5586133
5596523
5585105
5601843
5596050
5584209
5576094
5589361
5600764
5610553
5592836
5583607
5589106
5594959
5563412
5602474
5588932
5537152
5579061
5594760
5581427
5579631
5563501
5609645
5565455
5594137
5606677
5515092
5584510
5599402
5577172
5604521
5577805
5574568
5581030
5605393
5464406
5583504
5574876
5612334
5610332
5606536
5571847
5576363
5358477
5586553
5557535
5596601
5602063
5565727
5587319
5561840
5589339
5610147
5600834
5593588
5589367
5574645
5487686
5557308
5567384
5603235
5596919
5565779
5533098
5580591
5567973
5601350
5607443
5567338
5581323
5600510
5610563
5568050
5577654
5592301
5584972
5583177
5604289
5561945
5593424
5580007
5593359
5576766
5562662
5582339
5597880
5602570
5606029
5585071
5563018
5610531
5569991
5572912
5601815
5607795
5579521
5547811
5573086
5563514
5567171
5596129
5550948
5599239
5585472
5581041
5582365
5579671
5595185
5593178
5558249
5591457
5570223
5579905
5587788
5567393
5566760
5582398
5573181
5569524
5474124
5571587
5251319
5556628
5571927
5608947
5562723
5611881
5585608
5586690
5602522
5591253
5604817
5608321
5611050
5582988
5604689
5607039
5584464
5565937
5611352
5578914
5603862
5584101
5608535
5583577
5596482
5567245
5590544
5575540
5599278
5572418
5585205
5608929
5601853
5560608
5585855
5610958
5585412
5601087
5575121
5558788
5610451
5613220
5597349
5592327
5466685
5589933
5583551
5547470
5587217
5573095
5604506
5566836
5586847
5576361
5565601
5563617
5567539
5595638
5612229
5565586
5592063
5559242
5579999
5596528
5561988
5584467
5601354
5591378
5588075
5585534
5583831
5605905
5570249
5598135
5580001
5610818
5585680
5580936
5563331
5606715
5590509
5585885
5582141
5557494
5602325
5576072
5594880
5585055
5575503
5569900
5585478
5563888
5573822
5574661
5568181
5583172
5578244
5564104
5588151
5558774
5594020
5610706
5584876
5570042
5574510
5592263
5565144
5608982
5610159
5579339
5601603
5571023
5599984
5548183
5573300
5605462
5550588
5597586
5577746
5587027
5322158
5596299
5580281
5595378
5560902
5604654
5611706
5560319
5549712
5555105
5604995
5583473
5612296
5589991
5600388
5570281
5585337
5580063
5563392
5560701
5597249
5607806
5584922
5597416
5612564
5561880
5591274
5583360
5606201
5567890
5602767
5572547
5576413
5583842
5568858
5563498
5562704
5575086
5592086
5576365
5578510
5586956
5589520
5571930
5594177
5591849
5601332
5588670
5601516
5592386
5596985
5596640
5568873
5580508
5571224
5580497
5596954
5569181
5609016
5522703
5607501
5577189
5562957
5595927
5561807
5599036
5571485
5609554
5575135
5608871
5575343
5594405
5570772
5558660
5612010
5602272
5578187
5607394
5598617
5578388
5562926
5581074
5611475
5600898
5557207
5574545
5565081
5596939
5590243
5590042
5582400
5596714
5586214
5564089
5583653
5571376
5604202
5575234
5597942
5582416
5574396
5587800
5576609
5586813
5595417
5582404
5609440
5572525
5587254
5592152
5585777
5570777
5591835
5587972
5581344
5582819
5609885
5577010
5564649
5591940
5597844
5560979
5602452
5566771
5577399
5608691
5604779
5599577
5564171
5554627
5589888
5587718
5558230
5562725
5515721
5584038
5611738
5611936
5577338
5586556
5602763
5577436
5565777
5601164
5597100
5585394
5592378
5605351
5599925
5600953
5596365
5557272
5609590
5561399
5595953
5587434
5600266
5578245
5605376
5593732
5573826
5563795
5604178
5555086
5587225
5574671
5582596
5589977
5562994
5591634
5568292
5560921
5573356
5580495
5573154
5582346
5605177
5561499
5606644
5606064
5562220
5574692
5579325
5591504
5563367
5581997
5607822
5570458
5564083
5590030
5354440
5593136
5611076
5585336
5595877
5583366
5565753
5567546
5600129
5605840
5592827
5573881
5595307
5564619
5561195
5599473
5571409
5589101
5604889
5556753
5601455
5564714
5578494
5568849
5322157
5585829
5612529
5598521
5567178
5596040
5559822
5606905
5596325
5565476
5612726
5586723
5582492
5597835
5581517
5591683
5557748
5571089
5602430
5590438
5605108
5584246
5600780
5602339
5587237
5511824
5568521
5558689
5596430
5588107
5544282
5551397
5598766
5603305
5606514
5599920
5542876
5560580
5571625
5573479
5578242
5580135
5560984
5584309
5578040
5560353
5583372
5584253
5570739
5596159
5558381
5602787
5606000
5605707
5586560
5561016
5558309
5602119
5593275
5609453
5564709
5583404
5581569
5606021
5559894
5571016
5585504
5574508
5611930
5580227
5606254
5600314
5570006
5584364
5586713
5584445
5564103
5612228
5612762
5605378
5559318
5580486
5613147
5609143
5612420
5497925
5594648
5557038
5560688
5556861
5560312
5583646
5545644
5576836
5580006
5610057
5587985
5594253
5575001
5574999
5516697
5566197
5578082
5612250
5592842
5596674
5601073
5592677
5584515
5577069
5589251
5548464
5601654
5557786
5568642
5581325
5543651
5575724
5597754
5606044
5606632
5586393
5550547
5576392
5559224
5562041
5593446
5604801
5592672
5568389
5598473
5570050
5599690
5607924
5568122
5603223
5587533
5577819
5599237
5587787
5586437
5575018
5587154
5601224
5597623
5593938
5597757
5568392
5602599
5601820
5612325
5577453
5572897
5610164
5577389
5599497
5577937
5571180
5590078
5605917
5562824
5572864
5572625
5566661
5564645
5604771
5585756
5570991
5587863
5559704
5575702
5586212
5593797
5583192
5598206
5602332
5605646
5586971
5600882
5532407
5586702
5590521
5562073
5578869
5609234
5579343
5576573
5604508
5609745
5558848
5613666
5577302
5573329
5585344
5567897
5590054
5587290
5599296
5563541
5571233
5571725
5599525
5557919
5568138
5565191
5556930
5606856
5608256
5603097
5604357
5587927
5567354
5591001
5572225
5568576
5565141
5555600
5559770
5607122
5467719
5575037
5606050
5605275
5573485
5608803
5514067
5605983
5604967
5569319
5561738
5579514
5583191
5610052
5570830
5568313
5600622
5612111
5605961
5595868
5612351
5565895
5590496
5586067
5562621
5579067
5582748
5471431
5570257
5591804
5512480
5606603
5564555
5582651
5608641
5567268
5583976
5559674
5568612
5593651
5611749
5580574
5582869
5606574
5612851
5603297
5585080
5564091
5570650
5557205
5545146
5568423
5590581
5570181
5586920
5563423
5555953
5594363
5607116
5592815
5563429
5602811
5568913
5574158
5595203
5513681
5573004
5601290
5571358
5552175
5577317
5578274
5228919
5581367
5588521
5604454
5597261
5604583
5610546
5571674
5592747
5584608
5574057
5612787
5603416
5574689
5589781
5605647
5568391
5587232
5598416
5607563
5586866
5612711
5567538
5509484
5569902
5583520
5584035
5612226
5574166
5568605
5588048
5582920
5569917
5576952
5590265
5572234
5566565
5562021
5564781
5597600
5513680
5568848
5595134
5598828
5578417
5589865
5574447
5587242
5557649
5606745
5589319
5582210
5560105
5589555
5601304
5604210
5580988
5563936
5565158
5592471
5573854
5607077
5587010
5526474
5583107
5526871
5564552
5611209
5592253
5611204
5565450
5597550
5580067
5559037
5613102
5584025
5599102
5569783
5574136
5592365
5585949
5595264
5567543
5587761
5599293
5581119
5566522
5583085
5585138
5574894
5564026
5554845
5582900
5588304
5598313
5568548
5601063
5572387
5560316
5568614
5571569
5576679
5576432
5597819
5583089
5565453
5568851
5594369
5594818
5425176
5585214
5603577
5592619
5589719
5564544
5603475
5598671
5558852
5606030
5580945
5586543
5593527
5588239
5599896
5590326
5604139
5582718
5567014
5577325
5534839
5600050
5610980
5582140
5610256
5584581
5599941
5578083
5600927
5575996
5607013
5571501
5599875
5565654
5561742
5585141
5567221
5577463
5610351
5606581
5583836
5581172
5581336
5587669
5567211
5602271
5605093
5606039
5563703
5600635
5612879
5583651
5561188
5581979
5557951
5596157
5584352
5564576
5577155
5572492
5578841
5610508
5561696
5560310
5586964
5559013
5595939
5611245
5608538
5589460
5570597
5578240
5597841
5599992
5593902
5600225
5601113
5598760
5575034
5570693
5613158
5347789
5491595
5567690
5567859
5585422
5577900
5549270
5603141
5574870
5603454
5560864
5606106
5568728
5604834
5581126
5572620
5547853
5572251
5569483
5595054
5606252
5578820
5565859
5593431
5605665
5591902
5603225
5612648
5613656
5577797
5582911
5611135
5591582
5575457
5573706
5560602
5592389
5600571
5583722
5576383
5596685
5598673
5576012
5609846
5587155
5574449
5569481
5566288
5606976
5607111
5592071
5589184
5593457
5579721
5603417
5583295
5605392
5589862
5603901
5607162
5599567
5585541
5592295
5559291
5595354
5602296
5544687
5591173
5581153
5569504
5578726
5563723
5562830
5560142
5595616
5581902
5606606
5591241
5598477
5577832
5579685
5590393
5571942
5589199
5578778
5580659
5584623
5609908
5536581
5591633
5584024
5560878
5584493
5559192
5597505
5595558
5587752
5607488
5591542
5589714
5579688
5518137
5591361
5605283
5590296
5584646
5600602
5588661
5609750
5576399
5583240
5588858
5529616
5600563
5601549
5610755
5582409
5604185
5594493
5579633
5601870
5557676
5604128
5596314
5588875
5577048
5586216
5587009
5561468
5607694
5612543
5561260
5582406
5572427
5483019
5582371
5613019
5610699
5589735
5584639
5585873
5595306
5571868
5610376
5594595
5543971
5592883
5585050
5605394
5576104
5610766
5605975
5509164
5592456
5584853
5611331
5582802
5600308
5561634
5577798
5566036
5559940
5561041
5602404
5612312
5569698
5557042
5557357
5580875
5571720
5606666
5570516
5597421
5554161
5575327
5568613
5590071
5598514
5604796
5588693
5607036
5581235
5582822
5589044
5593153
5566488
5592069
5579542
5577741
5598144
5602808
5561867
5592898
5582079
5574229
5599491
5611491
5607884
5564489
5570749
5612642
5555591
5611342
5583415
5588662
5590966
5551450
5609431
5604607
5596590
5560221
5587406
5571879
5588171
5557917
5563333
5589107
5584625
5593246
5582696
5576266
5577567
5561308
5592641
5597850
5501289
5575688
5606876
5579341
5583096
5600123
5591776
5584866
5584757
5573205
5611511
5583030
5602981
5595220
5568500
5570266
5591091
5600068
5572206
5577875
5586221
5599419
5588414
5598568
5573250
5560989
5561316
5566759
5584163
5606735
5569790
5584405
5590182
5574115
5606647
