5034490
5150966
5188934
5091301
5204905
5206949
5192959
5137272
5213116
5202480
5096466
5092474
5112859
5087456
5146168
5161539
5104024
5110027
5045846
5163564
5102123
5053321
5092606
5189794
5197731
5170842
5160758
5150543
5130021
5153907
5137784
5199901
5083747
5103668
5085108
5185055
5184452
5136359
5090138
5212550
5159382
5094603
5126628
5059845
5094218
5124885
5138365
5200948
5117379
5193450
5050812
5173647
5138058
5168187
5211843
5099033
5212586
5079327
5164565
5071202
5054780
5202673
5213192
5112746
5212859
5214711
5153706
5165514
5195158
5036321
5139817
5125240
5056135
5217288
5087672
5133320
5195099
5216884
5199632
5132307
5114423
5197301
5160206
5214842
5213227
5089553
5139465
5183557
5192232
5058222
5164321
5084048
5182132
5145049
5168195
5092688
5199162
5205486
5184063
5081119
5164379
5123276
5150520
5065404
5087108
5134316
5090772
5056842
5154243
5190929
5190768
5188946
5209850
5152514
5075137
5082650
5033677
5121988
5081138
5039416
5201295
5118564
5147331
5154694
5148162
5215447
5198550
5190505
5074101
5100806
5034704
5076256
5199651
5199177
5174600
5214234
5210968
5123113
5192823
5167444
5147551
5214416
5217649
5119567
5196810
5188526
5060885
5143325
5139186
5186015
5063417
5037361
5207361
5176965
5095538
5181811
5168026
5133763
5184311
5208415
5211464
5203171
5058776
5115449
5058435
5061949
5138707
5046847
5056286
5214263
5197862
5138326
5105934
5149152
5200447
5168701
5033533
5083818
5195858
5211233
5196672
5214326
5099657
5208865
5147666
5042283
5052461
5161648
5142117
5219958
5062044
5202528
5209097
5154750
5200163
5064566
5099876
5211394
5143064
5080125
5121388
5103992
5196617
5189838
5147597
5042191
5074598
5147908
5164938
5192011
5098825
5102958
5156019
5130507
5117631
5087347
5133785
5095739
5042129
5090655
5179880
5091887
5120746
5129590
5080383
5101123
5130429
5201286
5066974
5145660
5143283
5204609
5137367
5090526
5215899
5062614
5199617
5118420
5146487
5062145
5142068
5085605
5214668
5160012
5217126
5079764
5048508
5172444
5207121
5167617
5049474
5203330
5177814
5209929
5208667
5199243
5161811
5156106
5158303
5131972
5195223
5117115
5155027
5059659
5174409
5068326
5201645
5203984
5172544
5144352
5123015
5207746
5175343
5166691
5176932
5056225
5151523
5166462
5094344
5060133
5196575
5161593
5205228
5174168
5050267
5056521
5203403
5180314
5153056
5112671
5161380
5040971
5179134
5183501
5074936
5033634
5136125
5167514
5132343
5094696
5057306
5110456
5154897
5200295
5138597
5211827
5044816
5078655
5154633
5158887
5204004
5133386
5216252
5175710
5159812
5177215
5081721
5151905
5131658
5096853
5212085
5207994
5151784
5073446
5159273
5116943
5205787
5189670
5215599
5215025
5040477
5203851
5216410
5108343
5132165
5056373
5209394
5202890
5161172
5089329
5119936
5146191
5217325
5185221
5167922
5195457
5211710
5179026
5208608
5114788
5089586
5187649
5127076
5035079
5042075
5053266
5207934
5195113
5214314
5150651
5062240
5173063
5198994
5214788
5124743
5198426
5091059
5100787
5131080
5043471
5101850
5138137
5196875
5199421
5177496
5123721
5133703
5202309
5172932
5068856
5122970
5084510
5181983
5046035
5082767
5073692
5093329
5058326
5074435
5070499
5175812
5126911
5143733
5212863
5215269
5073484
5148741
5210591
5033448
5095113
5106100
5156160
5092846
5146186
5089913
5157142
5058160
5193781
5083096
5102636
5108668
5141876
5162050
5098779
5085246
5201892
5080773
5159899
5133418
5175181
5074117
5094828
5189042
5211039
5178229
5191635
5201190
5122881
5120411
5059646
5156872
5192596
5033345
5066780
5140562
5163647
5138385
5154953
5008009
5188269
5111576
5113818
5152883
5093059
5123811
5190667
5189368
5141061
5186151
5205944
5070672
5044934
5207069
5125334
5140714
5154459
5126467
5155949
5090717
5169839
5050814
5198450
5123926
5092284
5170891
5046810
5171640
5056756
5059299
5180000
5062573
5121580
5165998
5095081
5159554
5175467
5085643
5074562
5133276
5101124
5073901
5219755
5172728
5142053
5145113
5195973
5218839
5196803
5086188
5201788
5070330
5067422
5200987
5200992
5139966
5203326
5057296
5212956
5068593
5173361
5037067
5091910
5055809
5174747
5208171
5173172
5176856
5080925
5105111
5106536
5119425
5108661
5050926
5032300
5202496
5067336
5176697
5072758
5096490
5046621
5217101
5206157
5062092
5175048
5152190
5209108
5218467
5146362
5143194
5186834
5091719
5217691
5171709
5047056
5112128
5050432
5062885
5211927
5170750
5175050
5199756
5112521
5092753
5201885
5192460
5161464
5042443
5180102
5190528
5156820
5126922
5159082
5167694
5202912
5131550
5174089
5071510
5206105
5206185
5205975
5091562
5156834
5111338
5126074
5187033
5122473
5034145
5183599
5086757
5095130
5170344
5100072
5199846
5094950
5157431
5167733
5085967
5206839
5056358
5125593
5199758
5189157
5040281
5136139
5096558
5212861
5210739
5171111
5179500
5114700
5194732
5142426
5130094
5079678
5118527
5198698
5207937
5219596
5060047
5213343
5077474
5187338
5198024
5144395
5203887
5219823
5160908
5186901
5185326
5139673
5101503
5220037
5184934
5107362
5123090
5185615
5153964
5207454
5051939
5131864
5123326
5216942
5209286
5164126
5122013
5162354
5156203
5148433
5096477
5213341
5141785
5078581
5170086
5207144
5169739
5122011
5171668
5159751
5141149
5181403
5199719
5131970
5211715
5176357
5131603
5175527
5063713
5164697
5198843
5160607
5190142
5160706
5084282
5065710
5112879
5064010
5075967
5128814
5038973
5033900
5155534
5204066
5214312
5214601
5082156
5160884
5208043
5040981
5206512
5156862
5141926
5188108
5197391
5093823
5206443
5211117
5077926
5189696
5063483
5059585
5072563
5216328
5142762
5156290
5064625
5214591
5212879
5216842
5149221
5212858
5161404
5207584
5202186
5106877
5035383
5192600
5036477
5085119
5144028
5089537
5078651
5122214
5219897
5045960
5213083
5104562
5098986
5162543
5212960
5169934
5214464
5217272
5099691
5104221
5156876
5158783
5051452
5107237
5146601
5206311
5196585
5175417
5109944
5129611
5139050
5195927
5196473
5046837
5216018
5206515
5106714
5183377
5082002
5080194
5205127
5076000
5208194
5201659
5069166
5045229
5216422
5115278
5086761
5153744
5170738
5191607
5198670
5073987
5133224
5053963
5095904
5068984
5088898
5202423
5169891
5219230
5157857
5150448
5180745
5053161
5201880
5197823
5217079
5182879
5178035
5200092
5204258
5194175
5144903
5195248
5162049
5054049
5038605
5169436
5148376
5157500
5119091
5122378
5154278
5188937
5123120
5063270
5097940
5155793
5170893
5086309
5105678
5188566
5118377
5181526
5163469
5135799
5168399
5200746
5172678
5138898
5036496
5111711
5090112
5138951
5046990
5056535
5174346
5182711
5190097
5150219
5057523
5047345
5037448
5073433
5063754
5197203
5201139
5070665
5087936
5077135
5196573
5101163
5211768
5211854
5174071
5102390
5033921
5209292
5157894
5169224
5157625
5073634
5059296
5185137
5045753
5170849
5194983
5197752
5100227
5177816
5049427
5099464
5097015
5063612
5168802
5140281
5188468
5208050
5179973
5216438
5091176
5170942
5190449
5072897
5191228
5174432
5157174
5067349
5140712
5167248
5075150
5124891
5205261
5163111
5126132
5134139
5078638
5191677
5117038
5181422
5105919
5186890
5107479
5135648
5154537
5176601
5200122
5113658
5215266
5089020
5176204
5150065
5082150
5113994
5085989
5159918
5197097
5194189
5100126
5129722
5140059
5183295
5217848
5219077
5140072
5210643
5158147
5116659
5058540
5219578
5180200
5088698
5164901
5165193
5088969
5188719
5207671
5046245
5193011
5194033
5133125
5052481
5077327
5178908
5164466
5155698
5193811
5194531
5138210
5183579
5199236
5080648
5060074
5070562
5205244
5196569
5060364
5066067
5130343
5034314
5035565
5125447
5199143
5179548
5174769
5090508
5194501
5090055
5139489
5087106
5220024
5058813
5077650
5203325
5199534
5120709
5219217
5090498
5198068
5122481
5219737
5187797
5133963
5069170
5213639
5088734
5199164
5085021
5160898
5147276
5166574
5196774
5181007
5036124
5059300
5198836
5203436
5188175
5100751
5082660
5217535
5156735
5043707
5178271
5177569
5095177
5042736
5114366
5207289
5211559
5086404
5103007
5211638
5084567
5049191
5192269
5152841
5163810
5182694
5041891
5179153
5068234
5092957
4257414
5201174
5183012
5178316
5201208
5157396
5206799
5047030
5166888
5134858
5181867
5047654
5167588
5217694
5173113
5064117
5177373
5181769
5095132
5198800
5217669
5156634
5083571
5058873
5128781
5206488
5211646
5158129
5214545
5164335
5066666
5172064
5112919
5210507
5119618
5153444
5196976
5210035
5038993
5177587
5085041
5216579
5110850
5033192
5214543
5109811
5190842
5161250
5213898
5048457
5063514
5038228
5105654
5059954
5059416
5193096
5033703
5098273
5163322
5207393
5133534
5080780
5096766
5157988
5156011
5113433
5143783
5099858
5078292
5214262
5046624
5106248
5155227
5119986
5153913
5215522
5165917
5142945
5062807
5085815
5192601
5062664
5162016
5086365
5074749
5201928
5126868
5159490
5074154
5035406
5194608
5164802
5204912
5124048
5082893
5100862
5105471
5137850
5142796
5138440
5217392
5167310
5080658
5051621
5104138
5184278
5196078
5217069
5210212
5048062
5147493
5207369
5078181
5067806
5177298
5192219
5062944
5182703
5036132
5112965
5196529
5206111
5171646
5039854
5038129
5190962
5101128
5215391
5189158
5183838
5116894
5054021
5070093
5197784
5159185
5151867
5197894
5218502
5115759
5105042
5212331
5178445
5124553
5080464
5056237
5177059
5209353
5043383
5129742
5220025
5162892
5141119
5060595
5115233
5118893
5218356
5081872
5075154
5177499
5114345
5211665
5145081
5211872
5136111
5171426
5184011
5106993
5083613
5145857
5184260
5065216
5216091
5074752
5187334
5209473
5159314
5166754
5120263
5113537
5157413
5156881
5187396
5174390
5106363
5104389
5158837
5166915
5208330
5169189
5082663
5190226
5201768
5200682
5106673
5043836
5158244
5143379
5087113
5156115
5191617
5114965
5063953
5101164
5126855
5151659
5188637
5081957
5104134
5178786
5119958
5179015
5046846
5191076
5210243
5161543
5086868
5216232
5142438
5087216
5094588
5210648
5184837
5220006
5143439
5076463
5147156
5182679
5152668
5070306
5203761
5188033
5037357
5206520
5162588
5088687
5118589
5207723
5179690
5109191
5155416
5073461
5149691
5166421
5156376
5177002
5032709
5041978
5157989
5083486
5131037
5218626
5098313
5201778
5215601
5140267
5178292
5164056
5186719
5100193
5055087
5042214
5169647
5115482
5174304
4972201
5135816
5205265
5092713
5148259
5096436
5064889
5191580
5215961
5209291
5171168
5214612
5201292
5170686
5212908
5141522
5207726
5204982
5067297
5218310
5042693
5192076
5138971
5192530
5212875
5136232
5096512
5210046
5179282
5212318
5108400
5206708
5037640
5212890
5139240
5064460
5122358
5060346
5215009
5076811
5036103
5075206
5050990
5203334
5087752
5108229
5197122
5099628
5161519
5043314
5127310
4904094
5209869
5126149
5087583
5193447
5106198
5038113
5040027
5192877
5202338
5167450
5164439
5169954
5211273
5058884
5192353
5115779
5115089
5132633
5204331
5147028
5212284
5049446
5178966
5191842
5082590
5162658
5204482
5048285
5158617
5202745
5113385
5120913
5057267
5199042
5093000
5157779
5089903
5201074
5218463
5083729
5186701
5206004
5042945
5203699
5113110
5173913
5211679
5144020
5201578
5206408
5145280
5183223
5213647
5199427
5078684
5191074
5193195
5072924
5088291
5036729
5086838
5212628
5042049
5158420
5066678
5183452
5133414
5185662
5168593
5188394
5150740
5206601
5087181
5042629
5095712
5167693
5178106
5032912
5100068
5040245
5139210
5205817
5213098
5108259
5084389
5139912
5194254
5218984
5119196
5118587
5085121
5158859
5116787
5196954
5177377
5043170
5173929
5165889
5147886
5138937
5148789
5206341
5128197
5215405
5209946
5059772
5183089
5082600
5184156
5148258
5034647
5177707
5089260
5143004
5150581
5207325
5213407
5067615
5098631
5139140
5132381
5131213
5056344
5114518
5037055
5154216
5213413
5187615
5212426
5057177
5176120
5058978
5219853
5217104
5123758
5201995
5200615
5206858
5150452
5080576
5213965
5217948
5109691
5129512
5052177
5170401
5179535
5099886
5099923
5095138
5091297
5193410
5209002
5169816
5096637
5143195
5203456
5168120
5217074
5037354
5202499
5116916
5214487
5156625
5203490
5175498
5081940
5214100
5119014
5064545
5051906
5162696
5052985
5203062
5209731
5067091
5187823
5053241
5060352
5131061
5051085
5138340
5211265
5097343
5165246
5140751
5094615
5216159
5085898
5175556
5077823
5103399
5217522
5214797
5109948
5080068
5092660
5097615
5145187
5053173
5157180
5127875
5035339
5182664
5077375
5120005
5189813
5204794
5126033
5180987
5148208
5076689
5187253
5136007
5173133
5206463
5197242
5199008
5206448
5201508
5216918
5198511
5063922
5210424
5202612
5173561
5050578
5101517
5123281
5171395
5203338
5087209
5085222
5146559
5089510
5126050
5148877
5089572
5218586
5195148
5085675
5096500
5181354
5088779
5061963
5165380
5124723
5165495
5195738
5131825
5205352
5077789
5122976
5122961
5043974
5207166
5196445
5173012
5184436
5210422
5218760
5048266
5158290
5212457
5179902
5055181
5206794
5063774
5141005
5166480
5198105
5092166
5132732
5173024
5165918
5127416
5202376
5199684
5144052
5151243
5125589
5209352
5167096
5125638
5065229
5199508
5159264
5127453
5206960
5101440
5178959
5198717
5104859
5216274
5192948
5216477
5054965
5107836
5111096
5190487
5146127
5205916
5217241
5123489
5198987
5038137
5157697
5219518
5174303
5175997
5097280
5038262
5117526
5171433
5156140
5130078
5202984
5102523
5053913
5206801
5198896
5106074
5126982
5140405
5060470
5097159
5180752
5111629
5152532
5216545
5126569
5078062
5201733
5153876
5165038
5144919
5196526
5210179
5202500
5218115
5139926
5175253
5184324
5098500
5166403
5097321
5137500
5098497
5134293
5184399
5143858
5170769
5189928
5209564
5127504
5096270
5059607
5207437
5198422
5188813
5072921
5131319
5168864
5104182
5187246
5189260
5159505
5104111
5195455
5036127
5135684
5217084
5182314
5166333
5191481
5187243
5179670
5092435
5195157
5216347
5213903
5168122
5096896
5151301
5193126
5075787
5218354
5064475
5216882
5128262
5136930
5172326
5207298
5088480
5207460
5120145
5055485
5078665
5117322
5138906
5204090
5210426
5140419
5165316
5217013
5199240
5102515
5210785
5168451
5100695
5073077
5196121
5038506
5101578
5208438
5136642
5203696
5204970
5168496
5198429
5116010
5150238
5214288
5151351
5200096
5165785
5157612
5141500
5061571
5130341
5052784
5155200
5048260
5201595
5192251
5157252
5177768
5124283
5218404
5191557
5142067
5081812
5038202
5042721
5187145
5050275
5209302
5042188
5175835
5088728
5056353
5100846
5054810
5085809
5132196
5212606
5118981
5199080
5105720
5176778
5218350
5098902
5107926
5075275
5182017
5184750
5202102
5168018
5217549
5219957
5036972
5200302
5096574
5189205
5201350
5151443
5179509
5085745
5131792
5196557
5172636
5217022
5100541
5218005
5168099
5176621
5111599
5089066
5103702
5199996
5051442
5033226
5200824
5053041
5144025
5212581
5049039
5042472
5050586
5182155
5198298
5209570
5170980
5089477
5200169
5210537
5216340
5205856
5067495
5172426
5147844
5060223
5126264
5217244
5172941
5167043
5177138
5134807
5128989
5138859
5082753
5051712
5153366
5066642
5100311
5176770
5136632
5097447
5086192
5209319
5120297
5100858
5153929
5096475
5182264
5188595
5107195
5213206
5198501
5215826
5188032
5195616
5178889
5036146
5184869
5101698
5182602
5208313
5167148
5097161
5147196
5056673
5171785
5185766
5181059
5136118
5165933
5157117
5093584
5137580
5208797
5076798
5216953
5063435
5087160
5210555
5189786
5033498
5096959
5217966
5129292
5073458
5050876
5177922
5214239
5188317
5194952
5149239
5075504
5214908
5143677
5159693
5173881
5171319
5038611
5219809
5149927
5213450
5202681
5194034
5122444
5067417
5096600
5182432
5184362
5087537
5108296
5094156
5101662
5096367
5216299
5085440
5158521
5203010
5198697
5086915
5199618
5201899
5173779
5189417
5117679
5130578
5152260
5125213
5176469
5207620
5050441
5210298
5095431
5091185
5172957
5173218
5213635
5163892
5167935
5166327
5108609
5181800
5043262
5188965
5145056
5099585
5051781
5175569
5184931
5064779
5177274
5178522
5143164
5099802
5149889
5134933
5149670
5133223
5189500
5156700
5137785
5213962
5155380
5175991
5095209
5158570
5037276
5197834
5207072
5181924
5117792
5210353
5085740
5095791
5140576
5098455
5174847
5151666
5053372
5152054
5038152
5037882
5211922
5189254
5113872
5151521
5145163
5109140
5075394
5178441
5188427
5176892
5170046
5044088
5044212
5194100
5204693
5213862
5208816
5192654
5073758
5192821
5090823
5198480
5191911
5207453
5136518
5119646
5203419
5112602
5199515
5125257
5057479
5204698
5115913
5170551
5135692
5212237
5078021
5165516
5169208
5151633
5109462
5187835
5128150
5097528
5112957
5196229
5131772
5167415
5084899
5049190
5160510
5203308
5205462
5160484
5145201
5158953
5199304
5104258
5216928
5179894
5137687
5163413
5141121
5206474
5126121
5064878
5079254
5175118
5219946
5171630
5179186
5178021
5042714
5145022
5045653
5165490
5179411
5059107
5105082
5183332
5193589
5178875
5212860
5179929
5066034
5175287
5131139
5212514
5204712
5077993
5195119
5160893
5120527
5203883
5218056
5159717
5197378
5208760
5063100
5159773
5101851
5129437
5098663
5218071
5089383
5207270
5188619
5039484
5117578
5095174
5145642
5056715
5193664
5086203
5201745
5090979
5046801
5133982
5175313
5205603
5168704
5195840
5072106
5205831
5217407
5208778
5216177
5185744
5196455
5147684
5067968
5173370
5208259
5036937
5160585
5212440
5060483
5184220
5208726
5112042
5122174
5137000
5140568
5209797
5167667
5189644
5125259
5099937
5170863
5165213
5118024
5180124
5133164
5200500
5198319
5206204
5094222
5119716
5208086
5141780
5188532
5199296
5214185
5197688
5176351
5045842
5201149
5088661
5065067
5136031
5088421
5208574
5072018
5215541
5153971
5188960
5062619
5160297
5046206
5189901
5201015
5219892
5121249
5172149
5042699
5211727
5101639
5212576
5111108
5190953
5187906
5162950
5216664
5059657
5173761
5175972
5209687
5081885
5200432
5069974
5212620
5062688
5171762
5192016
5110712
5178899
5211188
5114273
5153993
5220149
5055790
5201947
5184627
5159823
5154253
5094755
5182179
5122172
5215228
5160691
5138194
5095114
5091054
5132183
5141275
5126656
5200165
5210445
5203253
5166607
5060202
5200977
5089575
5208899
5102640
5084098
5196081
5214173
5035664
5206828
5117271
5065413
5129713
5216704
5154994
5136155
5094748
5046390
5171143
5136147
5204226
5107899
5122263
5070801
5208000
5187113
5053088
5080070
5155835
5197039
5151058
5203921
5119493
5211978
5186438
5199404
5188420
5093080
5065573
5101580
5092878
5078221
5138309
5051332
5157435
5151567
5101035
5034064
5185492
5173931
5219359
5137308
5044038
5174709
5175220
5175918
5089532
5183423
5218749
5169440
5216656
5198293
5194221
5126134
5186437
5123077
5145072
5091477
5137913
5143666
5198834
5106801
5166086
5181006
5173886
5033853
5160946
5103881
5087218
5081631
5169404
5175685
5186168
5061953
5044615
5109371
5193039
5176013
5045428
5181116
5074728
5205328
5134323
5164238
5037013
5053414
5151857
5180600
5109402
5051637
5216972
5162695
5095067
5117224
5054863
5161931
5067486
5204360
5078270
5097012
5126244
5198469
5049045
5211562
5072804
5047684
5155461
5157624
5184973
5087170
5179218
5158959
5162289
5195117
5071004
5217306
5175425
5217128
5181061
5188518
5061451
5131378
5092839
5210533
5174127
5171662
5174779
5141956
5110333
5171442
5163783
5181230
5208383
5152443
5203974
5047784
5215827
5136188
5218863
5177317
5065732
5203009
5053832
5168106
5212340
5048477
5172818
5185935
5214656
5123334
5046598
5194094
5193645
5198464
5187665
5189240
5087231
5217685
5143496
5199207
5144842
5131875
5060711
5203608
5187131
5119627
5047342
5214139
5215538
5086981
5088235
5177809
5203225
5199292
5085403
5109304
5200316
5180409
5086764
5188962
5214616
5039320
5067468
5051175
5063017
5055467
5063317
5211043
5057735
5131147
5085385
5080957
5094547
5040475
5181239
5130548
5201105
5035499
5136392
5164438
5219916
5217751
5108411
5186392
5055326
5103930
5197721
5215752
5216449
5186413
5098368
5057592
5167478
5184755
5033913
5062436
5212670
5196997
5042636
5103751
5107013
5183364
5109872
5111185
5210492
5207357
5171282
5131984
5151269
5046104
5219937
5072557
5159158
5150399
5096019
5039426
5089362
5120295
5184262
5195910
5168176
5165708
5075147
5157746
5207662
5153592
5184136
5165468
5187007
5201845
5125600
5173675
5163242
5218257
5178213
5209339
5195912
5192489
5096230
5206905
5066804
5159026
5074133
5065438
5087064
5107595
5169856
5161662
5187782
5170962
5210503
5201076
5213215
5137637
5183998
5189364
5179409
5177692
5108723
5218429
5177341
5174166
5057239
5125251
5107534
5090938
5166898
5084398
5078854
5037304
5075038
5205538
5139169
5156640
5206573
5100160
5198300
5191991
5186949
5039818
5034617
5044319
5178984
5061958
5048284
5160196
5097005
5175614
5041913
5072320
5157545
5169523
5188384
5170697
5106810
5205509
5202492
5183985
5116927
5105591
5210861
5112763
5199329
5215442
5087845
5051540
5188285
5189018
5205369
5058875
5193911
5091387
5159724
5133313
5177990
5100494
5127474
5084713
5162993
5201575
5072782
5166181
5188119
5179656
5214619
5161763
5131765
5059305
5158495
5072900
5074307
5162420
5078050
5212888
5157384
5154895
5202435
5194768
5086234
5210208
5101959
5083005
5064137
5192032
5166801
5219279
5184855
5070959
5198370
5096181
5084394
5153683
5076126
5143126
5180193
5117912
5167731
5180123
5131758
5157147
5051276
5211905
5140838
5055747
5117274
5172475
5200487
5201177
5134989
5183137
5138656
5109677
5100527
5196124
5066626
5173843
5041523
5141665
5038707
5217186
5208798
5063920
5123621
5033876
5036589
5205104
5218850
5125837
5134451
5048278
5119592
5163495
5187628
5145460
5116491
5084213
5062121
5208827
5048904
5171786
5064735
5127933
5173325
5180288
5108608
5159127
5074362
5139596
5202124
5132249
5162485
5211223
5125570
5187482
5214982
5082625
5156109
5112867
5217054
5082168
5095206
5120191
5215211
5165099
5193679
5179276
5100024
5046476
5197964
5213869
5116060
5204836
5191891
5200983
5060225
5202427
5209380
5119281
5185941
5202740
5173887
5104121
5081003
5091307
5210875
5187958
5185582
5085235
5082862
5123503
5079343
5156925
5121595
5101213
5149342
5166659
5209535
5191949
5140738
5183739
5111555
5135761
5111757
5157101
5179045
5039321
5133871
5171540
5218826
5107227
5196533
5198290
5164373
5213064
5081988
5208652
5073464
5196876
5059288
5109783
5130630
5214147
5058180
5162716
5210588
5217420
5205372
5074876
5130505
5110022
5133848
5196177
5218685
5062435
5216408
5107224
5136360
5106092
5115056
5082844
5139167
5141417
5172393
5180762
5166291
5217589
5125239
5110615
5187999
5107008
5154289
5203850
5218194
5209674
5217854
5036524
5200387
5052434
5133676
5172193
5148971
5135396
5198558
5107978
5033566
5201794
5199561
5056134
5058649
5193371
5077325
5138114
5198474
5078761
5198599
5164987
5052116
5217425
5084967
5068097
5196521
5129153
5214546
5118428
5080396
5104917
5129392
5045060
5215834
5157060
5213232
5108516
5085028
5051810
5207046
5057995
5042182
5173049
5101924
5172242
5064972
5049123
5151603
5112932
5086216
5096080
5111813
5139300
5207047
5164039
5088630
5188266
5182062
5218731
5212901
5188733
5164782
5211083
5194964
5169339
5092062
5203363
5082206
5207410
5035609
5199883
5217488
5121176
5153598
5210983
5207554
5106089
5207799
5194988
5170352
5061721
5218483
5162841
5052540
5204732
5188066
5045443
5152953
5216576
5198630
5202215
5147583
5142839
5204983
5046854
5082659
5199402
5074379
5173860
5192806
5146060
5121769
5171841
5106604
5131992
5197034
5148800
5199123
5212491
5106350
5047502
5088381
5059086
5069539
5173523
5090884
5071919
5194156
5163188
5046068
5214149
5193903
5173888
5213378
5063196
5135065
5161351
5153443
5206707
5154732
5172981
5059871
5197622
5186257
5207186
5139352
5176785
5078889
5058203
5127937
5127715
5191320
5152754
5100338
5032742
5210440
5204979
5184367
5165556
5081578
5158944
5124199
5162836
5095202
5216952
5090496
5163923
5198091
5172364
5052242
5210327
5154830
5196668
5170145
5111707
5203284
5070997
5164402
5177975
5110593
5131881
5186435
5161739
5130751
5137268
5210363
5175464
5120681
5126206
5142900
5074400
5184202
5045660
5048936
5065028
5194520
5200847
5162333
5197063
5051068
5201075
5216423
5173664
5194228
5118796
5201344
5216479
5088019
5120405
5195697
5070613
5145949
5087544
5110727
5050912
5198484
5048537
5187741
5194471
5077829
5139316
5045516
5207679
5179260
5079241
5096081
5107721
5090432
5145994
5169506
5218849
5053214
5219315
5170714
5148837
5154353
5042423
5120729
5133018
5141821
5045625
5059507
5115557
5037716
5045557
5187605
5174497
5105268
5127190
5158765
5034210
5199315
5069055
5060007
5126823
5067357
5213494
5152110
5154182
5207781
5191185
5159907
